[Projectile]
A=207
Z=82
q=64
Energy=28.9

[Target]
A=12
Z=6
Thick=10
Density=2.26
MinStep=5
MaxStep=250

[EnergyLoss]
EnergyL1=28.9
EnergyL2=25.123554467822725
dEdX1=75.90519907633018
dEdX2=80.59907935864587

[Options]
Version=1
ODE_Model=0
ibin=0
Ionization=0
Excitation=0
ShowInterm=0
ShowPlots=1
EvolutionPlot=1
EnergyLoss=1
UncertainAbs=1e-12
UncertainRel=1e-05
